{
  "ver": "1.0.2",
  "importer": "particle",
  "imported": true,
  "uuid": "25e10b49-273e-441f-b880-5706697b6700",
  "files": [
    ".json",
    ".plist"
  ],
  "subMetas": {},
  "userData": {
    "totalParticles": 40,
    "life": 0.5,
    "lifeVar": 0.5,
    "emissionRate": 80,
    "duration": -1,
    "srcBlendFactor": 1,
    "dstBlendFactor": 772,
    "startColor": {
      "_val": 10778724,
      "r": 255,
      "g": 57.78693437576294,
      "b": 217.01451748609543,
      "a": 255
    },
    "startColorVar": {
      "_val": 820035435,
      "r": 187.85307347774506,
      "g": 73.07880342006683,
      "b": 62.16008171439171,
      "a": 0
    },
    "endColor": {
      "_val": 13073375,
      "r": 255,
      "g": 50.4427644610405,
      "b": 0,
      "a": 56.09999969601631
    },
    "endColorVar": {
      "_val": 1967293042,
      "r": 99.89670798182487,
      "g": 162.90602892637253,
      "b": 188.51712584495544,
      "a": 240.6651932001114
    },
    "startSize": 31.987180709838867,
    "startSizeVar": 10.320512771606445,
    "endSize": 0,
    "endSizeVar": 6,
    "positionType": 1,
    "sourcePos": {
      "x": 0,
      "y": 0
    },
    "posVar": {
      "x": 0,
      "y": 0
    },
    "angle": 0,
    "angleVar": 360,
    "startSpin": 0,
    "startSpinVar": 0,
    "endSpin": 361.57959999999997,
    "endSpinVar": 0,
    "emitterMode": 0,
    "gravity": {
      "x": 0,
      "y": 0
    },
    "speed": 0,
    "speedVar": 20,
    "radialAccel": 0,
    "radialAccelVar": 0,
    "tangentialAccel": 0,
    "tangentialAccelVar": 0,
    "rotationIsDir": false,
    "startRadius": 0,
    "startRadiusVar": 0,
    "endRadius": 0,
    "endRadiusVar": 0,
    "rotatePerS": 0,
    "rotatePerSVar": 0,
    "spriteFrameUuid": ""
  }
}
